1.000000000000000056e-01 3.930000000000000000e+02
2.689655200000000135e-01 7.340000000000000000e+02
4.379310299999999989e-01 8.220000000000000000e+02
6.068965499999999791e-01 8.500000000000000000e+02
7.758620699999999593e-01 8.560000000000000000e+02
9.448275900000000505e-01 8.280000000000000000e+02
1.113793100000000091e+00 8.180000000000000000e+02
1.282758599999999971e+00 7.700000000000000000e+02
1.451724100000000073e+00 7.490000000000000000e+02
1.620689700000000011e+00 7.130000000000000000e+02
1.789655199999999891e+00 6.880000000000000000e+02
1.958620699999999992e+00 6.680000000000000000e+02
2.127586200000000094e+00 6.640000000000000000e+02
2.296551700000000196e+00 6.330000000000000000e+02
2.465517199999999853e+00 5.880000000000000000e+02
2.634482799999999791e+00 6.120000000000000000e+02
2.803448299999999893e+00 5.780000000000000000e+02
2.972413799999999995e+00 5.350000000000000000e+02
3.141379300000000097e+00 5.300000000000000000e+02
3.310344800000000198e+00 5.180000000000000000e+02
3.479310299999999856e+00 4.910000000000000000e+02
3.648275899999999794e+00 4.810000000000000000e+02
3.817241399999999896e+00 4.690000000000000000e+02
3.986206899999999997e+00 4.600000000000000000e+02
4.155172399999999655e+00 4.230000000000000000e+02
4.324137900000000201e+00 4.120000000000000000e+02
4.493103399999999858e+00 4.020000000000000000e+02
4.662068999999999797e+00 3.950000000000000000e+02
4.831034500000000342e+00 3.910000000000000000e+02
5.000000000000000000e+00 3.820000000000000000e+02
