%Schwingungsmessung 31.01.2024
%Spalte 1: Zeit (Sekunden)
%Spalte 2: Signal (mV)

0.000000000000000000e+00 5.011713694625191451e+00
1.001001001001001062e-01 5.080295878454348824e+00
2.002002002002002123e-01 5.102020072507698956e+00
3.003003003003003046e-01 5.145938883798407915e+00
4.004004004004004247e-01 5.197229048533674955e+00
5.005005005005005447e-01 5.258568006433512743e+00
6.006006006006006093e-01 5.313952048656192417e+00
7.007007007007007848e-01 5.341183098830946108e+00
8.008008008008008494e-01 5.356336297254857826e+00
9.009009009009009139e-01 5.437090402135928535e+00
1.001001001001001089e+00 5.486529873972017413e+00
1.101101101101101154e+00 5.510534316086709516e+00
1.201201201201201219e+00 5.542470606400019761e+00
1.301301301301301283e+00 5.552962586504698095e+00
1.401401401401401570e+00 5.608595456462823314e+00
1.501501501501501634e+00 5.637204956303324188e+00
1.601601601601601699e+00 5.657514981513255492e+00
1.701701701701701763e+00 5.706037775276637802e+00
1.801801801801801828e+00 5.767071875190739050e+00
1.901901901901902114e+00 5.768239053584405696e+00
2.002002002002002179e+00 5.761492930662349465e+00
2.102102102102102243e+00 5.819365138199533050e+00
2.202202202202202308e+00 5.831239528912729675e+00
2.302302302302302373e+00 5.878578923803892131e+00
2.402402402402402437e+00 5.922940035179541596e+00
2.502502502502502502e+00 5.901795938093906457e+00
2.602602602602602566e+00 5.895727941158902752e+00
2.702702702702703075e+00 5.903282735493748490e+00
2.802802802802803139e+00 5.927360768918273237e+00
2.902902902902903204e+00 5.902974195882752184e+00
3.003003003003003268e+00 5.929034213036028511e+00
3.103103103103103333e+00 5.875691756043587510e+00
3.203203203203203397e+00 5.911020663886286108e+00
3.303303303303303462e+00 5.893544613095611062e+00
3.403403403403403527e+00 5.871572647814728541e+00
3.503503503503503591e+00 5.855492670249232035e+00
3.603603603603603656e+00 5.852482042341030422e+00
3.703703703703703720e+00 5.841711486664941333e+00
3.803803803803804229e+00 5.828895728369206886e+00
3.903903903903904293e+00 5.811678679704486150e+00
4.004004004004004358e+00 5.814705455587240834e+00
4.104104104104104422e+00 5.797971739574301786e+00
4.204204204204204487e+00 5.756467073797685963e+00
4.304304304304304551e+00 5.748541766753800353e+00
4.404404404404404616e+00 5.721868726330901822e+00
4.504504504504504681e+00 5.691631681701898593e+00
4.604604604604604745e+00 5.682399068783177576e+00
4.704704704704704810e+00 5.622363819274768915e+00
4.804804804804804874e+00 5.572791632663282257e+00
4.904904904904904939e+00 5.562729907264376550e+00
5.005005005005005003e+00 5.507600414001802669e+00
5.105105105105105068e+00 5.490630520180707741e+00
5.205205205205205132e+00 5.435036953853200181e+00
5.305305305305305197e+00 5.366667705123052023e+00
5.405405405405406150e+00 5.368218925047958834e+00
5.505505505505506214e+00 5.295344153209425642e+00
5.605605605605606279e+00 5.282453593457179686e+00
5.705705705705706343e+00 5.266829572064677834e+00
5.805805805805806408e+00 5.180995628820260990e+00
5.905905905905906472e+00 5.189955887136711077e+00
6.006006006006006537e+00 5.141917646223501670e+00
6.106106106106106601e+00 5.077580339295881373e+00
6.206206206206206666e+00 4.991137054173350407e+00
6.306306306306306730e+00 4.991982727804105124e+00
6.406406406406406795e+00 4.982922244813013712e+00
6.506506506506506859e+00 4.884598510630497437e+00
6.606606606606606924e+00 4.861212376262672663e+00
6.706706706706706989e+00 4.807533095702380521e+00
6.806806806806807053e+00 4.781801039532402875e+00
6.906906906906907118e+00 4.771035130337963004e+00
7.007007007007007182e+00 4.717804781576464102e+00
7.107107107107107247e+00 4.694103288058012247e+00
7.207207207207207311e+00 4.637166144925122246e+00
7.307307307307307376e+00 4.631323231802093154e+00
7.407407407407407440e+00 4.583822669642817260e+00
7.507507507507508393e+00 4.538526357394619737e+00
7.607607607607608458e+00 4.481785004530803640e+00
7.707707707707708522e+00 4.464462562009472002e+00
7.807807807807808587e+00 4.476325205782350380e+00
7.907907907907908651e+00 4.442996771692357072e+00
8.008008008008008716e+00 4.427354764122268804e+00
8.108108108108108780e+00 4.375864966440849102e+00
8.208208208208208845e+00 4.364338743101721541e+00
8.308308308308308909e+00 4.351202298618300546e+00
8.408408408408408974e+00 4.294857157777705936e+00
8.508508508508509038e+00 4.294486100949918672e+00
8.608608608608609103e+00 4.276527139133687427e+00
8.708708708708709167e+00 4.270667239567401907e+00
8.808808808808809232e+00 4.261675390247417816e+00
8.908908908908909297e+00 4.259592510353648720e+00
9.009009009009009361e+00 4.256149571410300148e+00
9.109109109109109426e+00 4.220722591100742882e+00
9.209209209209209490e+00 4.278930449096142397e+00
9.309309309309309555e+00 4.271205837460141375e+00
9.409409409409409619e+00 4.246917716896316364e+00
9.509509509509509684e+00 4.241763727878292478e+00
9.609609609609609748e+00 4.275088757935927575e+00
9.709709709709709813e+00 4.260502443168499020e+00
9.809809809809809877e+00 4.275308264194130459e+00
9.909909909909909942e+00 4.288609353045785610e+00
1.001001001001001001e+01 4.287674853383692586e+00
1.011011011011011007e+01 4.305581297570292065e+00
1.021021021021021014e+01 4.301759772859198527e+00
1.031031031031031020e+01 4.323914126076472186e+00
1.041041041041041026e+01 4.361837479966996334e+00
1.051051051051051033e+01 4.374760940887857608e+00
1.061061061061061039e+01 4.364200170565599279e+00
1.071071071071071223e+01 4.437562660981893004e+00
1.081081081081081230e+01 4.438908223133544162e+00
1.091091091091091236e+01 4.425042955285485746e+00
1.101101101101101243e+01 4.500609792461925274e+00
1.111111111111111249e+01 4.505043379637634793e+00
1.121121121121121256e+01 4.577511560912120636e+00
1.131131131131131262e+01 4.554251190943493732e+00
1.141141141141141269e+01 4.614925820109655241e+00
1.151151151151151275e+01 4.663720704480375012e+00
1.161161161161161282e+01 4.661838636855640594e+00
1.171171171171171288e+01 4.722934435392917685e+00
1.181181181181181294e+01 4.709459774910232710e+00
1.191191191191191301e+01 4.775415357044928477e+00
1.201201201201201307e+01 4.799225718602913915e+00
1.211211211211211314e+01 4.836628439421568615e+00
1.221221221221221320e+01 4.872097199710514026e+00
1.231231231231231327e+01 4.943352721154996132e+00
1.241241241241241333e+01 4.983955603221087216e+00
1.251251251251251340e+01 5.010038063394759433e+00
1.261261261261261346e+01 5.005737859173046367e+00
1.271271271271271353e+01 5.090490994577387518e+00
1.281281281281281359e+01 5.091347959621201014e+00
1.291291291291291365e+01 5.132646377737005494e+00
1.301301301301301372e+01 5.133134244025713500e+00
1.311311311311311378e+01 5.177283683445217832e+00
1.321321321321321385e+01 5.210193571221696907e+00
1.331331331331331391e+01 5.246808481565264692e+00
1.341341341341341398e+01 5.289635983273742958e+00
1.351351351351351404e+01 5.322789657550984543e+00
1.361361361361361411e+01 5.362125987778885161e+00
1.371371371371371417e+01 5.367170691716622422e+00
1.381381381381381424e+01 5.380765253323534836e+00
1.391391391391391430e+01 5.384392251096440596e+00
1.401401401401401436e+01 5.418562339540368811e+00
1.411411411411411443e+01 5.473686063799878987e+00
1.421421421421421449e+01 5.457928636564790104e+00
1.431431431431431456e+01 5.531061790376361031e+00
1.441441441441441462e+01 5.490043278177069830e+00
1.451451451451451469e+01 5.565696982495522249e+00
1.461461461461461475e+01 5.521041645609235715e+00
1.471471471471471482e+01 5.574842129885471564e+00
1.481481481481481488e+01 5.570605660149757554e+00
1.491491491491491495e+01 5.588498081719705191e+00
1.501501501501501679e+01 5.585879878323994241e+00
1.511511511511511685e+01 5.616284985375731509e+00
1.521521521521521692e+01 5.593068515187932910e+00
1.531531531531531698e+01 5.603073469900364145e+00
1.541541541541541704e+01 5.652937294596235063e+00
1.551551551551551711e+01 5.629472508378995599e+00
1.561561561561561717e+01 5.643099547599209842e+00
1.571571571571571724e+01 5.632608096190899971e+00
1.581581581581581730e+01 5.639413844922470886e+00
1.591591591591591737e+01 5.597858433143104051e+00
1.601601601601601743e+01 5.617553043944960578e+00
1.611611611611611750e+01 5.621299992646201282e+00
1.621621621621621756e+01 5.616457781325959964e+00
1.631631631631631763e+01 5.584878441334252486e+00
1.641641641641641769e+01 5.560373220744646794e+00
1.651651651651651775e+01 5.561611197428335984e+00
1.661661661661661782e+01 5.575135671001874016e+00
1.671671671671671788e+01 5.538320514245466342e+00
1.681681681681681795e+01 5.514156849836883367e+00
1.691691691691691801e+01 5.511835452823233616e+00
1.701701701701701808e+01 5.480797142334146166e+00
1.711711711711711814e+01 5.466131232501511228e+00
1.721721721721721821e+01 5.442081377359876626e+00
1.731731731731731827e+01 5.438642817459370171e+00
1.741741741741741833e+01 5.378714479612850319e+00
1.751751751751751840e+01 5.380040211902580083e+00
1.761761761761761846e+01 5.324784992778311299e+00
1.771771771771771853e+01 5.321743464596924156e+00
1.781781781781781859e+01 5.273135460649008621e+00
1.791791791791791866e+01 5.287854751379669871e+00
1.801801801801801872e+01 5.226292510156484106e+00
1.811811811811811879e+01 5.244562542228576874e+00
1.821821821821821885e+01 5.138761733705125678e+00
1.831831831831831892e+01 5.146823625354036480e+00
1.841841841841841898e+01 5.076492209370830899e+00
1.851851851851851904e+01 5.110493166551525412e+00
1.861861861861861911e+01 5.081021464468358673e+00
1.871871871871871917e+01 5.058546768430885798e+00
1.881881881881881924e+01 4.990775339970028313e+00
1.891891891891891930e+01 4.982699232723818206e+00
1.901901901901901937e+01 4.955125675748842440e+00
1.911911911911911943e+01 4.916964564322150899e+00
1.921921921921921950e+01 4.898274965354611155e+00
1.931931931931931956e+01 4.828803903399265351e+00
1.941941941941941963e+01 4.841152664769270864e+00
1.951951951951951969e+01 4.791651085320850711e+00
1.961961961961961975e+01 4.777291876565352702e+00
1.971971971971971982e+01 4.750287323506677595e+00
1.981981981981981988e+01 4.746623028280557044e+00
1.991991991991991995e+01 4.750206044581611664e+00
2.002002002002002001e+01 4.724926509068277269e+00
2.012012012012012008e+01 4.702248612760498325e+00
2.022022022022022014e+01 4.665753865140443324e+00
2.032032032032032021e+01 4.651026099824353999e+00
2.042042042042042027e+01 4.616143118860303041e+00
2.052052052052052034e+01 4.623533772074032377e+00
2.062062062062062040e+01 4.581497954027435426e+00
2.072072072072072046e+01 4.559450961749490716e+00
2.082082082082082053e+01 4.562717350513170622e+00
2.092092092092092059e+01 4.565107386462327277e+00
2.102102102102102066e+01 4.541568538449637593e+00
2.112112112112112072e+01 4.519217100323643876e+00
2.122122122122122079e+01 4.517430889197328270e+00
2.132132132132132085e+01 4.503750637840001403e+00
2.142142142142142447e+01 4.487129797240680062e+00
2.152152152152152453e+01 4.453879062483696138e+00
2.162162162162162460e+01 4.475769475235180650e+00
2.172172172172172466e+01 4.482828715058800206e+00
2.182182182182182473e+01 4.456154229488095808e+00
2.192192192192192479e+01 4.470282994988783898e+00
2.202202202202202486e+01 4.456934209000279701e+00
2.212212212212212492e+01 4.460700014049510997e+00
2.222222222222222499e+01 4.486625733569148622e+00
2.232232232232232505e+01 4.515597497373958547e+00
2.242242242242242511e+01 4.522169214920583435e+00
2.252252252252252518e+01 4.511820400370686102e+00
2.262262262262262524e+01 4.525361631676164009e+00
2.272272272272272531e+01 4.530714634472525759e+00
2.282282282282282537e+01 4.531123387157919069e+00
2.292292292292292544e+01 4.547484954579749328e+00
2.302302302302302550e+01 4.585673153970601490e+00
2.312312312312312557e+01 4.558149002686440632e+00
2.322322322322322563e+01 4.596551191732692665e+00
2.332332332332332570e+01 4.603497582594009430e+00
2.342342342342342576e+01 4.644220416611921642e+00
2.352352352352352582e+01 4.631589010327897604e+00
2.362362362362362589e+01 4.661234774149152216e+00
2.372372372372372595e+01 4.704644883504947472e+00
2.382382382382382602e+01 4.703574188850690341e+00
2.392392392392392608e+01 4.711828912053982243e+00
2.402402402402402615e+01 4.734278949045155116e+00
2.412412412412412621e+01 4.769936426135740426e+00
2.422422422422422628e+01 4.842821526268402010e+00
2.432432432432432634e+01 4.795638194735970750e+00
2.442442442442442641e+01 4.827125191151308670e+00
2.452452452452452647e+01 4.890545909627209475e+00
2.462462462462462653e+01 4.888003498047718054e+00
2.472472472472472660e+01 4.907887175083666342e+00
2.482482482482482666e+01 4.937194655304326218e+00
2.492492492492492673e+01 4.944847257880907954e+00
2.502502502502502679e+01 4.971567680953588919e+00
2.512512512512512686e+01 5.003837934372197260e+00
2.522522522522522692e+01 5.009513186545138552e+00
2.532532532532532699e+01 5.033126109613315968e+00
2.542542542542542705e+01 5.074229981826205105e+00
2.552552552552552712e+01 5.091367467925462797e+00
2.562562562562562718e+01 5.131732955346758551e+00
2.572572572572572724e+01 5.138712874497681327e+00
2.582582582582582731e+01 5.152180370241752350e+00
2.592592592592592737e+01 5.142900401862102733e+00
2.602602602602602744e+01 5.227253673642556997e+00
2.612612612612612750e+01 5.233708824085908873e+00
2.622622622622622757e+01 5.235591452021145287e+00
2.632632632632632763e+01 5.220329826114992855e+00
2.642642642642642770e+01 5.280064332396437798e+00
2.652652652652652776e+01 5.296153406376376438e+00
2.662662662662662783e+01 5.305165868287132547e+00
2.672672672672672789e+01 5.335011916513169083e+00
2.682682682682682795e+01 5.358913426901239063e+00
2.692692692692692802e+01 5.339614155258450623e+00
2.702702702702702808e+01 5.378589924669021194e+00
2.712712712712712815e+01 5.341021624245056110e+00
2.722722722722722821e+01 5.375106820383235728e+00
2.732732732732732828e+01 5.390668759251316722e+00
2.742742742742742834e+01 5.375096592317881949e+00
2.752752752752752841e+01 5.416278403029134658e+00
2.762762762762762847e+01 5.417024796696085609e+00
2.772772772772772854e+01 5.450293804275606391e+00
2.782782782782782860e+01 5.415426200721384475e+00
2.792792792792792866e+01 5.403416304223107147e+00
2.802802802802802873e+01 5.422730555242514683e+00
2.812812812812812879e+01 5.409279017950468393e+00
2.822822822822822886e+01 5.440737094015464237e+00
2.832832832832832892e+01 5.446960294018541759e+00
2.842842842842842899e+01 5.439954086118728327e+00
2.852852852852852905e+01 5.435934851995511963e+00
2.862862862862862912e+01 5.417735321987416697e+00
2.872872872872872918e+01 5.399051762051692016e+00
2.882882882882882924e+01 5.393170814051558182e+00
2.892892892892892931e+01 5.387257892906898604e+00
2.902902902902902937e+01 5.400475583547087233e+00
2.912912912912912944e+01 5.389298758343359808e+00
2.922922922922922950e+01 5.393442502758202473e+00
2.932932932932932957e+01 5.362008682049949293e+00
2.942942942942942963e+01 5.326995085732983526e+00
2.952952952952952970e+01 5.333060937784400934e+00
2.962962962962962976e+01 5.313012280169544077e+00
2.972972972972972983e+01 5.293390926593449564e+00
2.982982982982982989e+01 5.286801233280640666e+00
2.992992992992993351e+01 5.295511509662768290e+00
3.003003003003003357e+01 5.246644301532843890e+00
3.013013013013013364e+01 5.244689143361204842e+00
3.023023023023023370e+01 5.226933491884800276e+00
3.033033033033033377e+01 5.203849596421838086e+00
3.043043043043043383e+01 5.178148726867917162e+00
3.053053053053053389e+01 5.182753628511150623e+00
3.063063063063063396e+01 5.137825588734663107e+00
3.073073073073073402e+01 5.107180747454217240e+00
3.083083083083083409e+01 5.091883328062673186e+00
3.093093093093093415e+01 5.127746000254838954e+00
3.103103103103103422e+01 5.102152337605161847e+00
3.113113113113113428e+01 5.061019527530210560e+00
3.123123123123123435e+01 5.018536321658645605e+00
3.133133133133133441e+01 5.045267357678751452e+00
3.143143143143143448e+01 4.992930720124800104e+00
3.153153153153153454e+01 4.994171433678617156e+00
3.163163163163163460e+01 4.986727535727235150e+00
3.173173173173173467e+01 4.950290009722213114e+00
3.183183183183183473e+01 4.914443757940634150e+00
3.193193193193193480e+01 4.870877461545007669e+00
3.203203203203203486e+01 4.880438766711084675e+00
3.213213213213213493e+01 4.871591471523394112e+00
3.223223223223223499e+01 4.847861661342495410e+00
3.233233233233233506e+01 4.830651991436186954e+00
3.243243243243243512e+01 4.829930832618949843e+00
3.253253253253253519e+01 4.767417235559240574e+00
3.263263263263263525e+01 4.809124734922656685e+00
3.273273273273273531e+01 4.755743636228451976e+00
3.283283283283283538e+01 4.753909875574544586e+00
3.293293293293293544e+01 4.737756988967112726e+00
3.303303303303303551e+01 4.752059678221884020e+00
3.313313313313313557e+01 4.718450588467828943e+00
3.323323323323323564e+01 4.745901807696512265e+00
3.333333333333333570e+01 4.713389917015629038e+00
3.343343343343343577e+01 4.677585086624354460e+00
3.353353353353353583e+01 4.649968362030492131e+00
3.363363363363363590e+01 4.649367952569466667e+00
3.373373373373373596e+01 4.654973244812244282e+00
3.383383383383383602e+01 4.652700395504655972e+00
3.393393393393393609e+01 4.683871307961544161e+00
3.403403403403403615e+01 4.672125579936146522e+00
3.413413413413413622e+01 4.647332708794801981e+00
3.423423423423423628e+01 4.642029987928293799e+00
3.433433433433433635e+01 4.600373588978831307e+00
3.443443443443443641e+01 4.684563185166733312e+00
3.453453453453453648e+01 4.664380221555881612e+00
3.463463463463463654e+01 4.651990263341159171e+00
3.473473473473473661e+01 4.647594844034157013e+00
3.483483483483483667e+01 4.659964763513444019e+00
3.493493493493493673e+01 4.661914090966205571e+00
3.503503503503503680e+01 4.627411454546104252e+00
3.513513513513513686e+01 4.654978778153189722e+00
3.523523523523523693e+01 4.678035274206475691e+00
3.533533533533533699e+01 4.695829719241828570e+00
3.543543543543543706e+01 4.694105655623709517e+00
3.553553553553553712e+01 4.683855661226691502e+00
3.563563563563563719e+01 4.726402886307239370e+00
3.573573573573573725e+01 4.747984476992320957e+00
3.583583583583583732e+01 4.764803612010753753e+00
3.593593593593593738e+01 4.721904269921947339e+00
3.603603603603603744e+01 4.742172954896019199e+00
3.613613613613613751e+01 4.722535756878384561e+00
3.623623623623623757e+01 4.782597829137131384e+00
3.633633633633633764e+01 4.776730267947713493e+00
3.643643643643643770e+01 4.848267195919438777e+00
3.653653653653653777e+01 4.817009749662978457e+00
3.663663663663663783e+01 4.836267701356883109e+00
3.673673673673673790e+01 4.845194313663002461e+00
3.683683683683683796e+01 4.847605046163700138e+00
3.693693693693693803e+01 4.879483484278081207e+00
3.703703703703703809e+01 4.882665520069148890e+00
3.713713713713713815e+01 4.893353051846141888e+00
3.723723723723723822e+01 4.944194680473303904e+00
3.733733733733733828e+01 4.966085817868157726e+00
3.743743743743743835e+01 4.968425046773126574e+00
3.753753753753753841e+01 4.971534265291392529e+00
3.763763763763763848e+01 4.981406711359224637e+00
3.773773773773773854e+01 5.017872790649078318e+00
3.783783783783783861e+01 5.018104004169144261e+00
3.793793793793793867e+01 5.038673157559983018e+00
3.803803803803803874e+01 5.068868751190644062e+00
3.813813813813813880e+01 5.061333619152646790e+00
3.823823823823823886e+01 5.069658799427840812e+00
3.833833833833833893e+01 5.086294451910899461e+00
3.843843843843843899e+01 5.121086464815285844e+00
3.853853853853853906e+01 5.121336911196605612e+00
3.863863863863863912e+01 5.159426932156453205e+00
3.873873873873873919e+01 5.150377648773074135e+00
3.883883883883883925e+01 5.159987713969858447e+00
3.893893893893893932e+01 5.171052964834815135e+00
3.903903903903903938e+01 5.166663575929399066e+00
3.913913913913913944e+01 5.208314314399625999e+00
3.923923923923923951e+01 5.213224858199861700e+00
3.933933933933933957e+01 5.237958491098713587e+00
3.943943943943943964e+01 5.232380861958380258e+00
3.953953953953953970e+01 5.223354959606327341e+00
3.963963963963963977e+01 5.255529279056201375e+00
3.973973973973973983e+01 5.244686104744714861e+00
3.983983983983983990e+01 5.274944781963554874e+00
3.993993993993993996e+01 5.261674663994950762e+00
4.004004004004004003e+01 5.263449398850092997e+00
4.014014014014014009e+01 5.286497487847189092e+00
4.024024024024024015e+01 5.303911798087144192e+00
4.034034034034034022e+01 5.273493159173066047e+00
4.044044044044044028e+01 5.303206271149542239e+00
4.054054054054054035e+01 5.297935339860145199e+00
4.064064064064064041e+01 5.292481009967918482e+00
4.074074074074074048e+01 5.291442408368146388e+00
4.084084084084084054e+01 5.278022727682304627e+00
4.094094094094094061e+01 5.276249353351262883e+00
4.104104104104104067e+01 5.313502685560457017e+00
4.114114114114114074e+01 5.291795157693505836e+00
4.124124124124124080e+01 5.276459311633984406e+00
4.134134134134134086e+01 5.278777468775414761e+00
4.144144144144144093e+01 5.290600194678519053e+00
4.154154154154154099e+01 5.293249383328627822e+00
4.164164164164164106e+01 5.269109483186269038e+00
4.174174174174174112e+01 5.216167408929780258e+00
4.184184184184184119e+01 5.247369960968822689e+00
4.194194194194194125e+01 5.217790297349984563e+00
4.204204204204204132e+01 5.240713590353561102e+00
4.214214214214214138e+01 5.223840748264476197e+00
4.224224224224224145e+01 5.241123422460773007e+00
4.234234234234234151e+01 5.205926094888649658e+00
4.244244244244244157e+01 5.169159813780159318e+00
4.254254254254254164e+01 5.189610611839057697e+00
4.264264264264264170e+01 5.193110600208860284e+00
4.274274274274274887e+01 5.131534320659248749e+00
4.284284284284284894e+01 5.146899442520687096e+00
4.294294294294294900e+01 5.132399040952530633e+00
4.304304304304304907e+01 5.091645344258528105e+00
4.314314314314314913e+01 5.099128826664805381e+00
4.324324324324324920e+01 5.103897195804557363e+00
4.334334334334334926e+01 5.099231824002812274e+00
4.344344344344344933e+01 5.051094682131473057e+00
4.354354354354354939e+01 5.041187717115512612e+00
4.364364364364364945e+01 5.009949843061078489e+00
4.374374374374374952e+01 5.005370088404005102e+00
4.384384384384384958e+01 4.977047334100772602e+00
4.394394394394394965e+01 5.030455765823526271e+00
4.404404404404404971e+01 4.991471092088874961e+00
4.414414414414414978e+01 4.967865799898850909e+00
4.424424424424424984e+01 5.011532296504368489e+00
4.434434434434434991e+01 4.973050907442853941e+00
4.444444444444444997e+01 4.955143906707765389e+00
4.454454454454455004e+01 4.942358339184255378e+00
4.464464464464465010e+01 4.947562689484250598e+00
4.474474474474475016e+01 4.878325421068937295e+00
4.484484484484485023e+01 4.868116775111536398e+00
4.494494494494495029e+01 4.867692850785982017e+00
4.504504504504505036e+01 4.870706561797411460e+00
4.514514514514515042e+01 4.847686784937550009e+00
4.524524524524525049e+01 4.853257452973788411e+00
4.534534534534535055e+01 4.847509615697251029e+00
4.544544544544545062e+01 4.845745710430929165e+00
4.554554554554555068e+01 4.816669480247122159e+00
4.564564564564565075e+01 4.804584481378147309e+00
4.574574574574575081e+01 4.838031395953724889e+00
4.584584584584585087e+01 4.793431324366206780e+00
4.594594594594595094e+01 4.786305439094076242e+00
4.604604604604605100e+01 4.788531653796946230e+00
4.614614614614615107e+01 4.798444551422941906e+00
4.624624624624625113e+01 4.777473046749793006e+00
4.634634634634635120e+01 4.812330209132279712e+00
4.644644644644645126e+01 4.750341001684423858e+00
4.654654654654655133e+01 4.727516525617601495e+00
4.664664664664665139e+01 4.775803647838203325e+00
4.674674674674675146e+01 4.774874147898057863e+00
4.684684684684685152e+01 4.785495954483699244e+00
4.694694694694695158e+01 4.740482881926514125e+00
4.704704704704705165e+01 4.762511778756462810e+00
4.714714714714715171e+01 4.776951989646502916e+00
4.724724724724725178e+01 4.782030639199726707e+00
4.734734734734735184e+01 4.750714387000988026e+00
4.744744744744745191e+01 4.717276932899279629e+00
4.754754754754755197e+01 4.775386793990124445e+00
4.764764764764765204e+01 4.786355950884122912e+00
4.774774774774775210e+01 4.772977749118370916e+00
4.784784784784785217e+01 4.774326780119285019e+00
4.794794794794795223e+01 4.789511566900910289e+00
4.804804804804805229e+01 4.807709283415970702e+00
4.814814814814815236e+01 4.813889685471933966e+00
4.824824824824825242e+01 4.805517836348607297e+00
4.834834834834835249e+01 4.831616842333296802e+00
4.844844844844845255e+01 4.807950162358692658e+00
4.854854854854855262e+01 4.799561194417764298e+00
4.864864864864865268e+01 4.833230682847083237e+00
4.874874874874875275e+01 4.820617302496866152e+00
4.884884884884885281e+01 4.807654560707697478e+00
4.894894894894895288e+01 4.817495482092830628e+00
4.904904904904905294e+01 4.849088634720208013e+00
4.914914914914915300e+01 4.878383396341808620e+00
4.924924924924925307e+01 4.903791796200570374e+00
4.934934934934935313e+01 4.893850649627859539e+00
4.944944944944945320e+01 4.898609499362681419e+00
4.954954954954955326e+01 4.887323027104360840e+00
4.964964964964965333e+01 4.932819107654924373e+00
4.974974974974975339e+01 4.956413073252009305e+00
4.984984984984985346e+01 4.964575297511435892e+00
4.994994994994995352e+01 4.992695004723096908e+00
5.005005005005005358e+01 5.002257277591695583e+00
5.015015015015015365e+01 4.979332256635954579e+00
5.025025025025025371e+01 5.006471695464785654e+00
5.035035035035035378e+01 4.981874608685697758e+00
5.045045045045045384e+01 5.017902517447700106e+00
5.055055055055055391e+01 5.026096228575693381e+00
5.065065065065065397e+01 5.052432776159688110e+00
5.075075075075075404e+01 5.048152065912873354e+00
5.085085085085085410e+01 5.070245647578368597e+00
5.095095095095095417e+01 5.078736046664849901e+00
5.105105105105105423e+01 5.069729791533895913e+00
5.115115115115115429e+01 5.099887469015689234e+00
5.125125125125125436e+01 5.129007654053260090e+00
5.135135135135135442e+01 5.089269041402396887e+00
5.145145145145145449e+01 5.118520293988219727e+00
5.155155155155155455e+01 5.124738419185074889e+00
5.165165165165165462e+01 5.106112818571640233e+00
5.175175175175175468e+01 5.144702414681832536e+00
5.185185185185185475e+01 5.192630606308034302e+00
5.195195195195195481e+01 5.167027967021965651e+00
5.205205205205205488e+01 5.181252822950611403e+00
5.215215215215215494e+01 5.125074139113356075e+00
5.225225225225225500e+01 5.180620439644573416e+00
5.235235235235235507e+01 5.199602637554867179e+00
5.245245245245245513e+01 5.174609424434792437e+00
5.255255255255255520e+01 5.182877972831585467e+00
5.265265265265265526e+01 5.207887059070888114e+00
5.275275275275275533e+01 5.195715651442993632e+00
5.285285285285285539e+01 5.194067162738509325e+00
5.295295295295295546e+01 5.184591418149434361e+00
5.305305305305305552e+01 5.197093418931866715e+00
5.315315315315315559e+01 5.185107379694194663e+00
5.325325325325325565e+01 5.224227474208188227e+00
5.335335335335335571e+01 5.212211212514507253e+00
5.345345345345345578e+01 5.204562255621470790e+00
5.355355355355355584e+01 5.232657540305862831e+00
5.365365365365365591e+01 5.189156573426717323e+00
5.375375375375375597e+01 5.212551316424184122e+00
5.385385385385385604e+01 5.191472068444209498e+00
5.395395395395395610e+01 5.185664279637570040e+00
5.405405405405405617e+01 5.199022407381924893e+00
5.415415415415415623e+01 5.183973328279041226e+00
5.425425425425425630e+01 5.174066546054239879e+00
5.435435435435435636e+01 5.184945171986384160e+00
5.445445445445445642e+01 5.149514299925729510e+00
5.455455455455455649e+01 5.142776231202486059e+00
5.465465465465465655e+01 5.164016043638586240e+00
5.475475475475475662e+01 5.180519409967217825e+00
5.485485485485485668e+01 5.174975960042125678e+00
5.495495495495495675e+01 5.159171970925025441e+00
5.505505505505505681e+01 5.125615715888043766e+00
5.515515515515515688e+01 5.137106764567122674e+00
5.525525525525525694e+01 5.109182045262472549e+00
5.535535535535535701e+01 5.100329830039311396e+00
5.545545545545545707e+01 5.093451661343875614e+00
5.555555555555555713e+01 5.066169680544823528e+00
5.565565565565565720e+01 5.088629327198759711e+00
5.575575575575575726e+01 5.099351868914202335e+00
5.585585585585585733e+01 5.079322892045723847e+00
5.595595595595595739e+01 5.081658213042463679e+00
5.605605605605605746e+01 5.046542639941650421e+00
5.615615615615615752e+01 5.000472992214440637e+00
5.625625625625625759e+01 5.019352703671600580e+00
5.635635635635635765e+01 5.021636297153879269e+00
5.645645645645645772e+01 5.004603123099795603e+00
5.655655655655655778e+01 4.995477986567058437e+00
5.665665665665665784e+01 5.007481625048479046e+00
5.675675675675675791e+01 4.956135614007573409e+00
5.685685685685685797e+01 5.001424516759997552e+00
5.695695695695695804e+01 4.970142520141433096e+00
5.705705705705705810e+01 4.918770327656450725e+00
5.715715715715715817e+01 4.962664863099258916e+00
5.725725725725725823e+01 4.935939591215189104e+00
5.735735735735735830e+01 4.933663643660855413e+00
5.745745745745745836e+01 4.899479061590415796e+00
5.755755755755755843e+01 4.894403770315679303e+00
5.765765765765765849e+01 4.909089991953849541e+00
5.775775775775775855e+01 4.914755825192864691e+00
5.785785785785785862e+01 4.874134541922317432e+00
5.795795795795795868e+01 4.899011353751800968e+00
5.805805805805805875e+01 4.863504296466138577e+00
5.815815815815815881e+01 4.886946688082318246e+00
5.825825825825825888e+01 4.863121134278594937e+00
5.835835835835835894e+01 4.883443046954861089e+00
5.845845845845845901e+01 4.872092165603872260e+00
5.855855855855855907e+01 4.864697341343346082e+00
5.865865865865865914e+01 4.822763631053415878e+00
5.875875875875875920e+01 4.818628446721662684e+00
5.885885885885885926e+01 4.799714968467874598e+00
5.895895895895895933e+01 4.853415264744569413e+00
5.905905905905905939e+01 4.835980889146981099e+00
5.915915915915915946e+01 4.840700021433452349e+00
5.925925925925925952e+01 4.837520545501023506e+00
5.935935935935935959e+01 4.844873326370599642e+00
5.945945945945945965e+01 4.826358252180519059e+00
5.955955955955955972e+01 4.845289501541259369e+00
5.965965965965965978e+01 4.797828822244788682e+00
5.975975975975975985e+01 4.855747858262105865e+00
5.985985985985986702e+01 4.835146012190274512e+00
5.995995995995996708e+01 4.820440589086395278e+00
6.006006006006006714e+01 4.822138995743161516e+00
6.016016016016016721e+01 4.835593292277358124e+00
6.026026026026026727e+01 4.848803979263104580e+00
6.036036036036036734e+01 4.849683759662893223e+00
6.046046046046046740e+01 4.832815222149096535e+00
6.056056056056056747e+01 4.842092000545123121e+00
6.066066066066066753e+01 4.862345955868772940e+00
6.076076076076076760e+01 4.847249141957869156e+00
6.086086086086086766e+01 4.871046157557447742e+00
6.096096096096096772e+01 4.873923058245721585e+00
6.106106106106106779e+01 4.898550515224071589e+00
6.116116116116116785e+01 4.855905800731620481e+00
6.126126126126126792e+01 4.894153430414739603e+00
6.136136136136136798e+01 4.884596767897228631e+00
6.146146146146146805e+01 4.923086562064447058e+00
6.156156156156156811e+01 4.878606366854523202e+00
6.166166166166166818e+01 4.922182385607562161e+00
6.176176176176176824e+01 4.912114759982013190e+00
6.186186186186186831e+01 4.937330532746853962e+00
6.196196196196196837e+01 4.962275368037809109e+00
6.206206206206206843e+01 4.962450550698728868e+00
6.216216216216216850e+01 4.964254503531567941e+00
6.226226226226226856e+01 4.939871680238237417e+00
6.236236236236236863e+01 4.973469799233508404e+00
6.246246246246246869e+01 4.968503093231110945e+00
6.256256256256256876e+01 4.934119089764235966e+00
6.266266266266266882e+01 4.967354324692550449e+00
6.276276276276276889e+01 5.019658519131579233e+00
6.286286286286286895e+01 4.957517235292672630e+00
6.296296296296296902e+01 4.988875742743982933e+00
6.306306306306306908e+01 4.976880297515590357e+00
6.316316316316316914e+01 5.013189745231346528e+00
6.326326326326326921e+01 5.019928307242843779e+00
6.336336336336336927e+01 5.063939504682863912e+00
6.346346346346346934e+01 5.047414445799087268e+00
6.356356356356356940e+01 4.999872533995866064e+00
6.366366366366366947e+01 5.064203301522078426e+00
6.376376376376376953e+01 5.071389423956999210e+00
6.386386386386386960e+01 5.067461347458461773e+00
6.396396396396396966e+01 5.084136658688914956e+00
6.406406406406406973e+01 5.093895048731241992e+00
6.416416416416416268e+01 5.058372248517453151e+00
6.426426426426426985e+01 5.137263957194742936e+00
6.436436436436436281e+01 5.082612695586547602e+00
6.446446446446446998e+01 5.120085192699108667e+00
6.456456456456456294e+01 5.142694192762468752e+00
6.466466466466467011e+01 5.122385752222789357e+00
6.476476476476476307e+01 5.131100934537707658e+00
6.486486486486487024e+01 5.126738700706277463e+00
6.496496496496496320e+01 5.130755457385983043e+00
6.506506506506507037e+01 5.110550165727283378e+00
6.516516516516516333e+01 5.115468908470940157e+00
6.526526526526527050e+01 5.137262594484242051e+00
6.536536536536536346e+01 5.096615133594763591e+00
6.546546546546547063e+01 5.141934675326770510e+00
6.556556556556556359e+01 5.115693421974722099e+00
6.566566566566567076e+01 5.159995898803297010e+00
6.576576576576576372e+01 5.137693729533583387e+00
6.586586586586587089e+01 5.157270046756353921e+00
6.596596596596596385e+01 5.131582453094421403e+00
6.606606606606607102e+01 5.107908162669782648e+00
6.616616616616616398e+01 5.134865956230076023e+00
6.626626626626627115e+01 5.151997569937681654e+00
6.636636636636636410e+01 5.120208593953484488e+00
6.646646646646647127e+01 5.119504413871395876e+00
6.656656656656656423e+01 5.127310237080935806e+00
6.666666666666667140e+01 5.127368250378784076e+00
6.676676676676676436e+01 5.102037174610122072e+00
6.686686686686687153e+01 5.145264165755103924e+00
6.696696696696696449e+01 5.155674949811626107e+00
6.706706706706707166e+01 5.142972723021541626e+00
6.716716716716716462e+01 5.128486583295519985e+00
6.726726726726727179e+01 5.131976504008932238e+00
6.736736736736736475e+01 5.076868089201939327e+00
6.746746746746747192e+01 5.097575885237959348e+00
6.756756756756756488e+01 5.141070497611099910e+00
6.766766766766767205e+01 5.097305391193028612e+00
6.776776776776776501e+01 5.049170565505973762e+00
6.786786786786787218e+01 5.053645264689214933e+00
6.796796796796796514e+01 5.075365345742334888e+00
6.806806806806807231e+01 5.096582216565012757e+00
6.816816816816816527e+01 5.070609342284384091e+00
6.826826826826827244e+01 5.065289702268472638e+00
6.836836836836837961e+01 5.055763650811990750e+00
6.846846846846847257e+01 5.059214266553081707e+00
6.856856856856857974e+01 5.021015648253861485e+00
6.866866866866867269e+01 5.002651890457820549e+00
6.876876876876877986e+01 5.012512144816223980e+00
6.886886886886887282e+01 5.066516180326597230e+00
6.896896896896897999e+01 5.020360424671032717e+00
6.906906906906907295e+01 4.996959067086363504e+00
6.916916916916918012e+01 4.983870994786516739e+00
6.926926926926927308e+01 5.023532403480635011e+00
6.936936936936938025e+01 4.953041501062595664e+00
6.946946946946947321e+01 4.983089644224745207e+00
6.956956956956958038e+01 4.985024284107405279e+00
6.966966966966967334e+01 4.938301172715524601e+00
6.976976976976978051e+01 4.960321919524180778e+00
6.986986986986987347e+01 4.973140931437462164e+00
6.996996996996998064e+01 4.921131761197591103e+00
7.007007007007007360e+01 4.936954566001860556e+00
7.017017017017018077e+01 4.923340597320648548e+00
7.027027027027027373e+01 4.941103728686357499e+00
7.037037037037038090e+01 4.923369253148934810e+00
7.047047047047047386e+01 4.914572529372675191e+00
7.057057057057058103e+01 4.919801134602776571e+00
7.067067067067067399e+01 4.904583219018489260e+00
7.077077077077078116e+01 4.900940991804052516e+00
7.087087087087087411e+01 4.882767255170267440e+00
7.097097097097098128e+01 4.861996860399290021e+00
7.107107107107107424e+01 4.913599436870232040e+00
7.117117117117118141e+01 4.889059514187420241e+00
7.127127127127127437e+01 4.892776772321220768e+00
7.137137137137138154e+01 4.863733637025502432e+00
7.147147147147147450e+01 4.910453070077886117e+00
7.157157157157158167e+01 4.882966191914379195e+00
7.167167167167167463e+01 4.912331434386308260e+00
7.177177177177178180e+01 4.916390865446958358e+00
7.187187187187187476e+01 4.908775645817926581e+00
7.197197197197198193e+01 4.925864125431546725e+00
7.207207207207207489e+01 4.868629246113731490e+00
7.217217217217218206e+01 4.899651800852028671e+00
7.227227227227227502e+01 4.853768609873904794e+00
7.237237237237238219e+01 4.908922966525188336e+00
7.247247247247247515e+01 4.907893584927104591e+00
7.257257257257258232e+01 4.889265103024858838e+00
7.267267267267267528e+01 4.915575939320171450e+00
7.277277277277278245e+01 4.867576388709323076e+00
7.287287287287287540e+01 4.916275279619667593e+00
7.297297297297298257e+01 4.943084887547234629e+00
7.307307307307307553e+01 4.901731894136051260e+00
7.317317317317318270e+01 4.907558226330468898e+00
7.327327327327327566e+01 4.902662074367133194e+00
7.337337337337338283e+01 4.915014919773909696e+00
7.347347347347347579e+01 4.885510230843169488e+00
7.357357357357358296e+01 4.926687388919998689e+00
7.367367367367367592e+01 4.926257413858186496e+00
7.377377377377378309e+01 4.958416581573265702e+00
7.387387387387387605e+01 4.924823432953108870e+00
7.397397397397398322e+01 4.917409692939170185e+00
7.407407407407407618e+01 4.964183064797263789e+00
7.417417417417418335e+01 4.950712695249813500e+00
7.427427427427427631e+01 4.949829253348896785e+00
7.437437437437438348e+01 4.918616023457974329e+00
7.447447447447447644e+01 4.954477233334419140e+00
7.457457457457458361e+01 4.950414536495128637e+00
7.467467467467467657e+01 4.957635619789748205e+00
7.477477477477478374e+01 4.984874795160217253e+00
7.487487487487487670e+01 4.973276674862167290e+00
7.497497497497498387e+01 4.967378902443434718e+00
7.507507507507507682e+01 4.977094717687644554e+00
7.517517517517518399e+01 4.967498949080883186e+00
7.527527527527527695e+01 4.982013917087228627e+00
7.537537537537538412e+01 5.005730656973764958e+00
7.547547547547547708e+01 4.980534755829076232e+00
7.557557557557558425e+01 5.009142345179162348e+00
7.567567567567567721e+01 5.035053499404237520e+00
7.577577577577578438e+01 5.016326610244687068e+00
7.587587587587587734e+01 5.043189748583606580e+00
7.597597597597598451e+01 5.014666497216110130e+00
7.607607607607607747e+01 5.029570440427911571e+00
7.617617617617618464e+01 5.054305967921409959e+00
7.627627627627627760e+01 5.046775711659531538e+00
7.637637637637638477e+01 5.024221154864965122e+00
7.647647647647647773e+01 5.048395717695242091e+00
7.657657657657658490e+01 5.034044932464163402e+00
7.667667667667667786e+01 5.066385795626857202e+00
7.677677677677678503e+01 5.021813398044248977e+00
7.687687687687687799e+01 5.071318977172672327e+00
7.697697697697698516e+01 5.088641087400699092e+00
7.707707707707707812e+01 5.076760195556072830e+00
7.717717717717718529e+01 5.091957933184405150e+00
7.727727727727727824e+01 5.121726211443001553e+00
7.737737737737738541e+01 5.093179587528526397e+00
7.747747747747747837e+01 5.081594911867076014e+00
7.757757757757758554e+01 5.071905409123188768e+00
7.767767767767767850e+01 5.076702821978762437e+00
7.777777777777778567e+01 5.088714921284489101e+00
7.787787787787787863e+01 5.087614431537353710e+00
7.797797797797798580e+01 5.127911710073009388e+00
7.807807807807807876e+01 5.089188043731277311e+00
7.817817817817818593e+01 5.098642818882642480e+00
7.827827827827827889e+01 5.088607328941011865e+00
7.837837837837838606e+01 5.109290879726366086e+00
7.847847847847847902e+01 5.047755727158008909e+00
7.857857857857858619e+01 5.096862595420622810e+00
7.867867867867867915e+01 5.067368700450751717e+00
7.877877877877878632e+01 5.096307748666050408e+00
7.887887887887887928e+01 5.073538348634567541e+00
7.897897897897898645e+01 5.119457855806547997e+00
7.907907907907907941e+01 5.063707168734194575e+00
7.917917917917918658e+01 5.113951799221904793e+00
7.927927927927927954e+01 5.084761754016073887e+00
7.937937937937938671e+01 5.072280942752878552e+00
7.947947947947947966e+01 5.070941641970152070e+00
7.957957957957958683e+01 5.085531399540888842e+00
7.967967967967967979e+01 5.067168857704490215e+00
7.977977977977978696e+01 5.071909331844627999e+00
7.987987987987987992e+01 5.040495695803069331e+00
7.997997997997998709e+01 5.076518804678584296e+00
8.008008008008008005e+01 5.088491349040206835e+00
8.018018018018018722e+01 5.077024166258730986e+00
8.028028028028028018e+01 5.062055153141597152e+00
8.038038038038038735e+01 5.076218840377461738e+00
8.048048048048048031e+01 5.024947054987658035e+00
8.058058058058058748e+01 5.036743649227236830e+00
8.068068068068068044e+01 5.050438081678635172e+00
8.078078078078078761e+01 5.011650921952773174e+00
8.088088088088088057e+01 5.034396282819812107e+00
8.098098098098098774e+01 5.048333140237635241e+00
8.108108108108108070e+01 5.019032994245703705e+00
8.118118118118118787e+01 5.041196358008342315e+00
8.128128128128128083e+01 5.013988634780537801e+00
8.138138138138138800e+01 5.022386899609276867e+00
8.148148148148148096e+01 5.024410416521926770e+00
8.158158158158158813e+01 4.985606389125955218e+00
8.168168168168168108e+01 5.009033453059115182e+00
8.178178178178178825e+01 4.988718647663967332e+00
8.188188188188188121e+01 5.028526566550929999e+00
8.198198198198198838e+01 5.008083815331215938e+00
8.208208208208208134e+01 5.029772429295721103e+00
8.218218218218218851e+01 4.960125129457124693e+00
8.228228228228228147e+01 4.930179669080099636e+00
8.238238238238238864e+01 5.002484820120659315e+00
8.248248248248248160e+01 4.926516574919260094e+00
8.258258258258258877e+01 4.920564905082845719e+00
8.268268268268268173e+01 4.996465882224560673e+00
8.278278278278278890e+01 4.988931360699181639e+00
8.288288288288288186e+01 4.929070514854506868e+00
8.298298298298298903e+01 4.946189504382498825e+00
8.308308308308308199e+01 4.940832033550240254e+00
8.318318318318318916e+01 4.937355206164745880e+00
8.328328328328328212e+01 4.929147989146929199e+00
8.338338338338338929e+01 4.952888371537278012e+00
8.348348348348348225e+01 4.940353251511428567e+00
8.358358358358358942e+01 4.913188789748018870e+00
8.368368368368368237e+01 4.938684868158363273e+00
8.378378378378378954e+01 4.979855113556046042e+00
8.388388388388388250e+01 4.889454868210703076e+00
8.398398398398398967e+01 4.935951966080348363e+00
8.408408408408408263e+01 4.951390736539014625e+00
8.418418418418418980e+01 4.928216647375711190e+00
8.428428428428428276e+01 4.937672777208209851e+00
8.438438438438438993e+01 4.882734879348556767e+00
8.448448448448448289e+01 4.915361335521477137e+00
8.458458458458459006e+01 4.898120806712531028e+00
8.468468468468468302e+01 4.912622956554259623e+00
8.478478478478479019e+01 4.935237364867553822e+00
8.488488488488488315e+01 4.952824015677155245e+00
8.498498498498499032e+01 4.928686275856775545e+00
8.508508508508508328e+01 4.924767161678720306e+00
8.518518518518519045e+01 4.938922281660122593e+00
8.528528528528528341e+01 4.945107550969769505e+00
8.538538538538539058e+01 4.925535649457057019e+00
8.548548548548549775e+01 4.920050893909854395e+00
8.558558558558559071e+01 4.896562792252203700e+00
8.568568568568569788e+01 4.926702417445262938e+00
8.578578578578579084e+01 4.908820828205204378e+00
8.588588588588589801e+01 4.903601169307365559e+00
8.598598598598599096e+01 4.933486640722491323e+00
8.608608608608609813e+01 4.949853990961814887e+00
8.618618618618619109e+01 4.955497894207005594e+00
8.628628628628629826e+01 4.942064707148563940e+00
8.638638638638639122e+01 4.936499442689356698e+00
8.648648648648649839e+01 4.982730333882117613e+00
8.658658658658659135e+01 4.922159921332212917e+00
8.668668668668669852e+01 4.945997573857339624e+00
8.678678678678679148e+01 4.970359912018604831e+00
8.688688688688689865e+01 4.963862404832569908e+00
8.698698698698699161e+01 4.956519614521801564e+00
8.708708708708709878e+01 4.966011985916725102e+00
8.718718718718719174e+01 4.935111566862837584e+00
8.728728728728729891e+01 4.959307961369018081e+00
8.738738738738739187e+01 4.993148353491617897e+00
8.748748748748749904e+01 4.980468509036987790e+00
8.758758758758759200e+01 4.996713665797957837e+00
8.768768768768769917e+01 4.998628247728271745e+00
8.778778778778779213e+01 4.962017223301312008e+00
8.788788788788789930e+01 4.990954470818896205e+00
8.798798798798799226e+01 5.026446321324673505e+00
8.808808808808809943e+01 4.988993438309010209e+00
8.818818818818819238e+01 5.025792131515767203e+00
8.828828828828829955e+01 5.019544066167632046e+00
8.838838838838839251e+01 5.049124471057893970e+00
8.848848848848849968e+01 5.000713716679120679e+00
8.858858858858859264e+01 5.055408283285402149e+00
8.868868868868869981e+01 5.002116095454385736e+00
8.878878878878879277e+01 4.997377363444042153e+00
8.888888888888889994e+01 5.032502973392921852e+00
8.898898898898899290e+01 5.079682622251950441e+00
8.908908908908910007e+01 5.046895776977359027e+00
8.918918918918919303e+01 5.020859415052171038e+00
8.928928928928930020e+01 5.033114969911983039e+00
8.938938938938939316e+01 5.079218231357395474e+00
8.948948948948950033e+01 5.037427612162769464e+00
8.958958958958959329e+01 5.046577322411620159e+00
8.968968968968970046e+01 5.044046962503625942e+00
8.978978978978979342e+01 5.060986991348356057e+00
8.988988988988990059e+01 5.063800496469289314e+00
8.998998998998999355e+01 5.037755865307961045e+00
9.009009009009010072e+01 5.047948873983458817e+00
9.019019019019019368e+01 5.022516011224895216e+00
9.029029029029030085e+01 5.062409250291639573e+00
9.039039039039039380e+01 5.027011962609496898e+00
9.049049049049050097e+01 5.073666882235922770e+00
9.059059059059059393e+01 5.078792655641609421e+00
9.069069069069070110e+01 5.053090698355003241e+00
9.079079079079079406e+01 5.086417177644015908e+00
9.089089089089090123e+01 5.004013444440339242e+00
9.099099099099099419e+01 5.040505334496246270e+00
9.109109109109110136e+01 5.050948117242962887e+00
9.119119119119119432e+01 5.054787692389171028e+00
9.129129129129130149e+01 5.038442265296468214e+00
9.139139139139139445e+01 5.078503255623354029e+00
9.149149149149150162e+01 5.096217379235958411e+00
9.159159159159159458e+01 5.063704362623795419e+00
9.169169169169170175e+01 5.059863873023165759e+00
9.179179179179179471e+01 5.071081150086119926e+00
9.189189189189190188e+01 5.068489382668833088e+00
9.199199199199199484e+01 5.080286847946664075e+00
9.209209209209210201e+01 5.039983336064549846e+00
9.219219219219219497e+01 5.081912726370942934e+00
9.229229229229230214e+01 5.056399145338986933e+00
9.239239239239239510e+01 5.078847906071782603e+00
9.249249249249250227e+01 5.051048186184262434e+00
9.259259259259259522e+01 5.049250871150780640e+00
9.269269269269270239e+01 5.057421603483502004e+00
9.279279279279279535e+01 5.006741016777554343e+00
9.289289289289290252e+01 5.041744932180207250e+00
9.299299299299299548e+01 5.041069894087811143e+00
9.309309309309310265e+01 5.030329582502691466e+00
9.319319319319319561e+01 5.035169464538775230e+00
9.329329329329330278e+01 5.034263504673631040e+00
9.339339339339339574e+01 5.030215891114167448e+00
9.349349349349350291e+01 5.045545716497415789e+00
9.359359359359359587e+01 5.017097602027812187e+00
9.369369369369370304e+01 4.996308327877108546e+00
9.379379379379379600e+01 5.019682520098442069e+00
9.389389389389390317e+01 5.045078909591961924e+00
9.399399399399399613e+01 5.008133232455731054e+00
9.409409409409410330e+01 5.026359825708716755e+00
9.419419419419419626e+01 4.971606696004352344e+00
9.429429429429430343e+01 4.960394094708915347e+00
9.439439439439439639e+01 4.992642363201298394e+00
9.449449449449450356e+01 5.002245715793367076e+00
9.459459459459459651e+01 4.992843228037742165e+00
9.469469469469470368e+01 4.984873661039594062e+00
9.479479479479479664e+01 4.992653522541526279e+00
9.489489489489490381e+01 4.942412232473530231e+00
9.499499499499499677e+01 4.981348644703412099e+00
9.509509509509510394e+01 4.965721310158762947e+00
9.519519519519519690e+01 4.954791619921246060e+00
9.529529529529530407e+01 4.977432903277563270e+00
9.539539539539539703e+01 4.970251012695380943e+00
9.549549549549550420e+01 4.952431899322843556e+00
9.559559559559559716e+01 4.998030172526106263e+00
9.569569569569570433e+01 4.947875606329245279e+00
9.579579579579579729e+01 4.983805857200364287e+00
9.589589589589590446e+01 4.968333361022522432e+00
9.599599599599599742e+01 4.939788669681066224e+00
9.609609609609610459e+01 4.986227023474983255e+00
9.619619619619619755e+01 4.936864650955913092e+00
9.629629629629630472e+01 4.940134106505525757e+00
9.639639639639639768e+01 4.973451996281729848e+00
9.649649649649650485e+01 4.951572868977913267e+00
9.659659659659659781e+01 4.935987410280138654e+00
9.669669669669670498e+01 4.947788674284343990e+00
9.679679679679679793e+01 4.940485797226830122e+00
9.689689689689690510e+01 4.961203403680658042e+00
9.699699699699699806e+01 4.933831573697897710e+00
9.709709709709710523e+01 4.908125606361176452e+00
9.719719719719719819e+01 4.965100332488597168e+00
9.729729729729730536e+01 4.934122849326088023e+00
9.739739739739739832e+01 4.944300200523624511e+00
9.749749749749750549e+01 4.962047628186347481e+00
9.759759759759759845e+01 4.935691724802340197e+00
9.769769769769770562e+01 4.969198804104586920e+00
9.779779779779779858e+01 4.944336921188239309e+00
9.789789789789790575e+01 4.950925168652334563e+00
9.799799799799799871e+01 4.948315392678514613e+00
9.809809809809810588e+01 4.959258039655195738e+00
9.819819819819819884e+01 4.953272005913114562e+00
9.829829829829830601e+01 4.923102313010648601e+00
9.839839839839839897e+01 4.974747082831918021e+00
9.849849849849850614e+01 4.921707350085752886e+00
9.859859859859859910e+01 4.942077919022412225e+00
9.869869869869870627e+01 4.936873376034079719e+00
9.879879879879879923e+01 4.960179988923565375e+00
9.889889889889890640e+01 4.967354463097414019e+00
9.899899899899899935e+01 4.965622462250874669e+00
9.909909909909910652e+01 4.969123855405777945e+00
9.919919919919919948e+01 4.990283017198957616e+00
9.929929929929930665e+01 4.957897340687273058e+00
9.939939939939939961e+01 4.956846372090695674e+00
9.949949949949950678e+01 4.928746719220821859e+00
9.959959959959959974e+01 4.995293449518919182e+00
9.969969969969970691e+01 4.978643962619905494e+00
9.979979979979979987e+01 4.990334371994790352e+00
9.989989989989990704e+01 4.949400644827035123e+00
1.000000000000000000e+02 5.006024595285902379e+00
