0.000000000000000000e+00 1.565444861771060348e+00
1.304347799999999946e+00 1.750718050589442853e+00
2.608695700000000173e+00 -8.752253913336036639e-01
3.913043500000000119e+00 -1.718326741654286227e+00
5.217391300000000065e+00 3.399746159644612686e-01
6.521739099999999567e+00 1.483893045717255665e+00
7.826087000000000238e+00 1.411718498481926987e-01
9.130434799999999740e+00 -1.447160712042960329e+00
1.043478299999999948e+01 -1.869756097052202026e-01
1.173912999999999940e+01 1.064777887588758798e+00
1.304347800000000035e+01 4.933526735306469901e-01
1.434782599999999952e+01 -4.132027199453361388e-01
1.565217400000000048e+01 -8.373826624251600181e-01
1.695652199999999965e+01 5.940540718657163488e-01
1.826087000000000060e+01 5.017925342951381484e-01
1.956521700000000052e+01 -1.247378114320931430e-01
2.086956500000000148e+01 -7.913695355441805468e-01
2.217391299999999887e+01 1.957725041513292408e-01
2.347826099999999983e+01 5.204630054251982996e-01
2.478260900000000078e+01 7.789104098061838677e-02
2.608695700000000173e+01 -4.786062713547172831e-01
2.739130400000000165e+01 -1.046502574713427114e-01
2.869565199999999905e+01 2.434356590521336294e-01
3.000000000000000000e+01 1.761938511343335012e-01
